1   15   8
2   10   2
3   26   8
4   22   6
5   40   7
6   17   6
7   34   4
8   12   2
9   31   4
10   48   8
11   5   8
12   28   10
13   42   5
14   9   9
15   25   1
16   12   1
17   46   1
18   2   6
19   44   10
20   28   10
21   27   2
22   37   10
23   24   6
24   15   2
25   50   4
26   18   10
27   36   1
28   23   5
29   30   8
30   6   5
31   10   6
32   43   9
33   1   3
34   4   6
35   7   3
36   15   8
37   38   6
38   34   3
39   9   10
40   28   2
41   19   7
42   29   6
43   28   1
44   37   10
45   38   7
46   5   10
47   44   8
48   10   10
49   43   4
50   45   3
51   18   6
52   1   5
53   3   10
54   31   6
55   19   8
56   21   4
57   23   2
58   13   9
59   27   8
60   14   5
61   31   7
62   8   2
63   45   5
64   35   1
65   44   10
66   16   2
67   41   5
68   23   2
69   24   6
70   42   2
71   25   1
72   9   6
73   1   3
74   15   5
75   3   8
76   39   4
77   17   6
78   49   2
79   49   1
80   40   2
81   25   4
82   2   5
83   12   7
84   4   9
85   20   10
86   47   2
87   32   8
88   29   3
89   46   8
90   23   5
91   33   9
92   5   1
93   24   2
94   13   9
95   37   8
96   5   9
97   43   5
98   16   6
99   3   8
100   11   1